15
17
18
19
20
21
22
23
24
25
26
27
28
29
30
31
32
34
35
37
38
39
50
51
53
54
61
62
65
71
73
91
95
96
97
112
113
120
138
139
163
171
172
190
191
192
195
198
201
218
226
248
326
327
330
336
350
364
365
371
372
373
374
375
376
378
460
488
489
490
492
502
633
647
648
649
650
651
672
684
685
691
698
702
703
807
827
828
833
865
866
872
873
881
882
895
897
899
901
913
915
922
929
930
931
934
935
937
943
945
947
948
949
950
951
952
953
954
955
956
957
958
964
973
980
987
988
1015
1021
1022
1023
1037
1041
1043
1045
1052
1073
1099
1110
1121
1124
1155
1158
1164
1165
1175
1177
1178
1185
1195
1203
1205
1206
1210
1211
1212
1226
1228
1232
1242
1248
1256
1263
1267
1271
1288
1290
1294
1301
1304
1309
1310
1315
1317
1330
1343
1349
1361
1364
1370
1371
1375
1384
1387
1389
1390
1393
1395
1396
1397
1398
1399
1403
1415
1416
1422
1427
1428
1434
1438
1442
1445
1452
1454
1457
1461
1462
1464
1467
1471
1472
1474
1482
1483
1484
1487
1488
1490
1493
1501
1503
1506
1507
1509
1510
1517
1522
1524
1525
1526
1532
1534
1537
1539
1543
1544
1547
1550
1551
1553
1554
1556
1557
1560
1562
1569
1571
1573
1575
1577
1580
